2 0.645833 0.227865 0.062500 0.049479
2 0.628906 0.335938 0.065104 0.057292
2 0.621094 0.438802 0.075521 0.070312
2 0.626302 0.536458 0.059896 0.093750
2 0.640625 0.645833 0.083333 0.098958
2 0.658854 0.740885 0.072917 0.070312
0 0.619792 0.125000 0.140625 0.057292
1 0.630208 0.035156 0.125000 0.049479
4 0.596354 0.231771 0.135417 0.041667
4 0.579427 0.326823 0.148438 0.049479
4 0.563802 0.425781 0.164062 0.065104
4 0.563802 0.552083 0.164062 0.093750
4 0.584635 0.657552 0.184896 0.106771
4 0.591146 0.763021 0.166667 0.093750
