2 0.600260 0.652344 0.080729 0.091146
2 0.605469 0.535156 0.085938 0.101562
2 0.704427 0.028646 0.044271 0.046875
2 0.683594 0.121094 0.049479 0.049479
2 0.670573 0.213542 0.059896 0.062500
1 0.545573 0.779948 0.132812 0.106771
1 0.593750 0.325521 0.140625 0.062500
0 0.632812 0.110677 0.130208 0.033854
0 0.658854 0.022135 0.135417 0.033854
0 0.572917 0.427083 0.161458 0.036458
4 0.570312 0.432292 0.177083 0.052083
4 0.540365 0.531250 0.184896 0.067708
4 0.540365 0.658854 0.158854 0.067708
5 0.649740 0.022135 0.132812 0.039062
5 0.631510 0.113281 0.132812 0.044271
5 0.613281 0.209635 0.143229 0.054688
