3 0.514323 0.723958 0.226562 0.187500
2 0.579427 0.678385 0.065104 0.096354
2 0.566406 0.563802 0.065104 0.096354
2 0.578125 0.457031 0.057292 0.075521
2 0.609375 0.345052 0.052083 0.065104
2 0.640625 0.235677 0.062500 0.049479
0 0.589844 0.223958 0.143229 0.062500
0 0.645833 0.024740 0.119792 0.039062
1 0.615885 0.123698 0.127604 0.059896
1 0.562500 0.809896 0.145833 0.125000
4 0.522135 0.709635 0.190104 0.122396
4 0.497396 0.580729 0.177083 0.088542
4 0.545573 0.332031 0.164062 0.075521
4 0.514323 0.446615 0.169271 0.075521
5 0.587240 0.220052 0.127604 0.054688
