0 0.625000 0.729167 0.156250 0.125000
0 0.623698 0.067708 0.132812 0.057292
2 0.651042 0.610677 0.046875 0.080729
2 0.686198 0.686198 0.044271 0.070312
2 0.622396 0.497396 0.046875 0.078125
2 0.622396 0.388021 0.046875 0.052083
2 0.639323 0.289062 0.059896 0.062500
2 0.658854 0.173177 0.052083 0.065104
4 0.598958 0.630208 0.177083 0.098958
4 0.584635 0.283854 0.158854 0.067708
4 0.565104 0.388021 0.151042 0.067708
4 0.562500 0.519531 0.161458 0.075521
4 0.635417 0.722656 0.161458 0.122396
5 0.609375 0.165365 0.135417 0.070312
