2 0.709635 0.223958 0.028646 0.052083
2 0.704427 0.338542 0.044271 0.057292
2 0.705729 0.440104 0.041667 0.067708
2 0.707031 0.548177 0.033854 0.059896
2 0.721354 0.665365 0.041667 0.065104
2 0.736979 0.764323 0.041667 0.065104
1 0.656250 0.114583 0.119792 0.046875
0 0.667969 0.023438 0.122396 0.036458
4 0.677083 0.800781 0.171875 0.132812
4 0.648438 0.682292 0.192708 0.098958
4 0.644531 0.566406 0.184896 0.080729
4 0.641927 0.444010 0.184896 0.075521
4 0.640625 0.330729 0.182292 0.067708
4 0.644531 0.216146 0.158854 0.072917
