0 0.529948 0.026042 0.111979 0.041667
0 0.537760 0.736979 0.023438 0.078125
0 0.444010 0.736979 0.111979 0.078125
0 0.489583 0.834635 0.156250 0.101562
2 0.576823 0.111979 0.028646 0.031250
2 0.567708 0.196615 0.036458 0.049479
2 0.539062 0.298177 0.036458 0.044271
2 0.523438 0.398438 0.041667 0.057292
2 0.510417 0.507812 0.036458 0.052083
2 0.514323 0.617188 0.044271 0.052083
2 0.539062 0.723958 0.015625 0.046875
2 0.537760 0.803385 0.039062 0.044271
4 0.472656 0.398438 0.143229 0.057292
4 0.446615 0.506510 0.158854 0.054688
4 0.458333 0.625000 0.151042 0.062500
4 0.540365 0.740885 0.018229 0.080729
4 0.444010 0.740885 0.117188 0.080729
4 0.477865 0.837240 0.153646 0.096354
5 0.493490 0.290365 0.122396 0.054688
5 0.514323 0.192708 0.132812 0.052083
5 0.523438 0.110677 0.130208 0.039062
