2 0.694010 0.746094 0.049479 0.054688
2 0.687500 0.631510 0.036458 0.059896
2 0.713542 0.518229 0.036458 0.052083
2 0.738281 0.403646 0.039062 0.057292
2 0.751302 0.283854 0.033854 0.057292
2 0.751302 0.170573 0.033854 0.044271
2 0.750000 0.063802 0.031250 0.044271
0 0.684896 0.281250 0.161458 0.052083
3 0.632812 0.778646 0.229167 0.161458
4 0.670573 0.393229 0.164062 0.067708
4 0.644531 0.507812 0.164062 0.057292
4 0.634115 0.639323 0.164062 0.065104
4 0.638021 0.766927 0.156250 0.101562
5 0.699219 0.066406 0.132812 0.033854
5 0.691406 0.169271 0.143229 0.052083
