2 0.699219 0.278646 0.039062 0.052083
2 0.703125 0.394531 0.046875 0.054688
2 0.713542 0.509115 0.041667 0.054688
2 0.713542 0.625000 0.046875 0.046875
2 0.713542 0.718750 0.041667 0.041667
1 0.661458 0.054688 0.114583 0.046875
1 0.653646 0.160156 0.119792 0.049479
0 0.648438 0.397135 0.156250 0.054688
0 0.645833 0.519531 0.177083 0.070312
0 0.645833 0.638021 0.187500 0.072917
0 0.651042 0.742188 0.182292 0.098958
4 0.640625 0.277344 0.145833 0.049479
4 0.654948 0.744792 0.164062 0.083333
4 0.648438 0.639323 0.182292 0.075521
4 0.645833 0.518229 0.177083 0.078125
4 0.640625 0.394531 0.177083 0.054688
