0 0.778646 0.082031 0.119792 0.039062
0 0.739583 0.401041 0.156250 0.052083
0 0.748698 0.285156 0.143229 0.059896
0 0.721355 0.522135 0.171875 0.065105
0 0.696615 0.631510 0.174479 0.049479
0 0.705730 0.743490 0.171875 0.091145
0 0.769531 0.182291 0.122396 0.041667
2 0.804688 0.406250 0.036459 0.046876
2 0.786459 0.528646 0.041667 0.062500
2 0.759115 0.712240 0.033854 0.033855
2 0.764323 0.635416 0.044270 0.041667
3 0.709635 0.736979 0.231771 0.156250
4 0.736979 0.401042 0.166666 0.057292
4 0.718750 0.519531 0.177084 0.065104
