2 0.785156 0.042969 0.080729 0.065104
2 0.755208 0.152343 0.062500 0.075521
2 0.727864 0.269531 0.070313 0.070313
2 0.696614 0.398438 0.070313 0.078125
2 0.679688 0.520834 0.072917 0.078125
2 0.675781 0.647135 0.080729 0.091146
2 0.712240 0.761719 0.096355 0.122396
4 0.673177 0.257812 0.174479 0.052083
4 0.638021 0.389323 0.166666 0.080730
4 0.615885 0.509115 0.174479 0.096354
4 0.623698 0.647136 0.174480 0.101563
4 0.656250 0.776041 0.182292 0.151041
5 0.736979 0.035157 0.197917 0.049479
5 0.707031 0.132812 0.190104 0.072917
