0 0.604167 0.352864 0.151042 0.080729
0 0.636719 0.252605 0.158854 0.083333
0 0.673177 0.154948 0.127604 0.049480
0 0.679688 0.061197 0.125000 0.044271
3 0.532552 0.682292 0.195312 0.125000
3 0.578125 0.816406 0.203126 0.153646
2 0.697917 0.272136 0.046875 0.049479
2 0.658854 0.371094 0.057292 0.054688
2 0.587240 0.570312 0.049479 0.062500
2 0.614583 0.466146 0.046875 0.062500
2 0.593750 0.674479 0.041666 0.062500
2 0.631510 0.769531 0.049479 0.054687
4 0.554687 0.457031 0.156250 0.070313
4 0.523438 0.567708 0.166667 0.062500
4 0.529948 0.691406 0.164062 0.101563
4 0.575521 0.811198 0.161458 0.122396
