2 0.709635 0.223959 0.028646 0.052083
2 0.704427 0.338542 0.044270 0.057292
2 0.705729 0.440104 0.041666 0.067708
2 0.707031 0.548177 0.033854 0.059896
2 0.721354 0.665365 0.041667 0.065105
2 0.736979 0.764323 0.041666 0.065104
1 0.656250 0.114584 0.119792 0.046875
0 0.667969 0.023438 0.122396 0.036459
4 0.677083 0.800781 0.171875 0.132813
4 0.648438 0.682291 0.192709 0.098959
4 0.644531 0.566406 0.184896 0.080729
4 0.641927 0.444011 0.184896 0.075521
4 0.640625 0.330729 0.182292 0.067708
4 0.644531 0.216146 0.158854 0.072916
