3 0.569010 0.561198 0.195313 0.096354
3 0.546875 0.641927 0.218750 0.122396
0 0.548177 0.850261 0.174479 0.101563
0 0.604167 0.464844 0.187500 0.059896
0 0.583334 0.075521 0.130209 0.026042
0 0.584636 0.160157 0.148437 0.039063
0 0.588542 0.255208 0.156250 0.062500
0 0.602864 0.364584 0.148437 0.072917
0 0.578125 0.549480 0.166666 0.046875
0 0.550782 0.622396 0.169271 0.052084
2 0.605469 0.723959 0.059896 0.072917
2 0.610677 0.815104 0.044270 0.057292
2 0.683594 0.451823 0.059896 0.080730
2 0.671875 0.356771 0.031250 0.067708
2 0.652344 0.553385 0.054688 0.044271
2 0.631510 0.623698 0.075521 0.070312
4 0.536459 0.733073 0.197917 0.080730
